206.2
206.2
206.2
206.1
206.1
206.1
206.1
212.6
212.6
207.1
212.5
209.1
212.6
206.1
206.2
206.1
207.7
206.1
216.5
206.1
203.3
206.1
203.3
212.5
206.1
206.1
206.2
223.8
206.1
206.2
212.6
206.2
206.2
206.2
206.2
206.1
206.2
206.2
216.5
206.2
203.3
206.1
206.1
206.2
206.2
216.5
206.1
208
206.2
206.2
206.2
206.2
206.2
206.2
206.2
206.2
208
206.2
216.5
216.5
206.2
216.5
206.2
206.2
206.2
206.2
206.1
209.1
206.2
206.2
206.1
206.2
223.8
216.5
206.2
216.5
206.2
216.5
206.2
208
216.5
206.2
206.2
216.5
216.5
207.2
206.1
206.2
206.1
216.5
206.1
206.2
206.2
206.2
206.1
208
206.1
206.2
216.5
212.6
206.2
206.1
206.1
206.1
206.2
216.5
206.2
216.5
206.1
216.5
216.5
212.6
216.5
216.5
216.5
206.2
206.2
206.2
206.2
216.5
206.2
206.2
206.2
208
216.5
206.2
212.6
216.5
212.6
207.1
216.5
216.5
212.5
206.2
216.5
206.2
206.2
216.5
216.5
206.2
212.6
206.2
208
216.5
216.5
212.6
206.2
216.5
216.5
212.6
216.5
216.5
216.5
212.6
216.5
216.5
212.6
216.5
206.2
216.5
206.2
216.5
216.5
216.5
206.2
206.2
216.5
216.5
216.5
216.5
206.2
216.5
216.5
212.6
206.2
212.6
216.5
206.2
207.2
206.2
216.5
216.5
216.5
206.2
212.6
206.1
216.5
206.2
216.5
216.5
206.2
207.2
212.6
216.5
216.5
216.5
216.5
206.1
216.5
216.5
216.5
216.5
216.5
216.5
216.5
212.6
207.1
208
206.2
216.5
216.5
207.1
216.5
212.6
206.8
216.5
207.1
216.5
206.1
206.2
212.6
216.5
216.5
212.6
216.5
203.3
206.1
212.6
216.5
206.2
216.5
216.5
216.5
206.2
212.6
216.5
206.1
216.5
216.5
212.6
212.5
208.7
216.5
216.5
216.5
212.6
216.5
212.6
212.6
206.1
212.6
216.5
216.5
216.5
212.6
206.2
212.6
212.6
212.6
212.6
216.5
216.5
206.1
216.5
216.5
206.2
206.2
212.6
216.5
216.5
216.5
214.8
206.1
206.2
216.5
206.2
212.6
212.6
206.1
212.6
212.6
206.1
212.6
212.6
206.2
216.5
206.1
206.1
212.6
216.5
212.6
212.6
212.6
212.6
216.5
212.6
216.5
216.5
216.5
206.1
207.2
216.5
216.5
206.1
212.6
206.2
212.6
206.1
216.5
207.1
206.2
216.5
216.5
216.5
212.6
216.5
216.5
206.1
212.6
216.5
216.5
206.2
206.2
206.1
206.1
206.2
216.5
206.1
206.1
216.5
206.1
208
206.1
212.6
212.6
206.2
206.2
216.5
206.2
206.2
206.2
212.6
212.6
206.1
206.2
206.2
212.6
206.1
206.1
207.2
212.6
212.6
216.5
206.1
206.1
216.5
206.1
212.6
206.2
212.6
212.6
216.5
206.1
206.2
206.1
206.1
206.1
206.1
212.6
203.3
206.1
206.2
206.1
207.1
212.6
212.6
206.2
212.6
212.6
206.1
206.1
206.1
206.1
206.2
207.1
206.1
206.2
206.2
206.1
203.3
206.1
206.1
206.2
212.6
216.5
212.6
206.1
206.2
212.6
206.1
223.8
206.1
207.1
206.1
206.2
212.6
216.5
206.1
206.2
212.6
216.5
206.2
206.1
216.5
206.1
206.1
206.1
206.1
206.1
206.1
206.2
206.1
206.1
206.1
206.1
216.5
206.1
212.6
206.2
206.1
212.6
212.6
212.6
216.5
206.1
212.6
212.6
216.5
212.6
206.1
216.5
212.6
206.2
206.2
216.5
206.1
212.6
203.3
216.5
212.6
206.2
212.6
212.6
216.5
212.6
206.1
216.5
212.6
216.5
216.5
216.5
216.5
203.3
216.5
212.6
212.6
216.5
212.6
216.5
206.1
216.5
216.5
206.1
216.5
212.6
212.6
206.2
206.2
206.2
216.5
206.2
207.1
216.5
206.2
203.3
216.5
206.1
216.5
212.6
203.1
206.2
206.2
208.3
216.8
212.8
207.2
214.4
205.5
208.8
208.8
211.4
209.7
210.1
205.6
207.2
203.4
199.4
197.9
196.3
195.8
190
193.3
186.5
179.5
179.8
179.8
177.2
174.1
172.1
159.2
161.4
158
155.9
154.4
149.2
140.5
140.9
138.2
135.6
135.1
131.4
127.4
126
123.8
121.6
118.2
117.4
115.3
112.7
111.2
110.1
107.1
104.3
102.7
100.9
97.9
95.2
93.5
90.7
89.5
87.5
85.4
83.5
81.2
80.1
77.9
75.9
74.4
72.5
71.6
70.5
68.3
67.3
65.8
65.5
64.3
63.1
62.1
61.7
60.4
59.9
59.5
58.5
56.8
56.4
55.5
55.2
54.4
53.5
53.1
52.5
52.3
52.1
51.8
52.2
52
52.1
52.1
52.1
52.1
52.5
52.6
52.8
52.7
52.9
52.8
52.6
52.5
52.9
52.4
52.9
52.1
52.4
52.4
52.5
52.3
52.6
53.2
52.9
53.1
53
53
53.1
53.3
53.3
53.5
53.3
53.2
53.7
53.7
53.7
53.9
53.9
53.5
54
54.1
53.8
54.1
54.4
55
54.6
54.5
54.5
54.8
54.6
54.9
54.4
54.6
55
54.8
54.9
55.2
55.2
55.2
55.3
55.2
55.2
55.4
55.5
55.7
55.4
55.2
55.3
55.8
55.6
56
55.6
55.5
55.7
56.3
56.3
56.1
56.1
56.2
56.5
55.9
56.4
56.6
56
56.1
56.3
56
56.6
56.3
56
56.3
56.5
56.3
56.4
56.1
56.3
56.1
56.6
56.1
56.4
56.7
56.4
56.6
56.7
56.4
56.6
56.7
57
56.9
57.2
56.9
57.2
56.9
57
57.2
57.2
57.2
57.2
56.8
57.4
57.7
57.6
58.1
57.9
58.6
59.2
59.7
60.2
60.6
61.4
61.7
63.1
63.7
64.3
65.6
66.6
68
69.1
70.6
73
73.7
75
77.2
76.8
78.5
79.3
81.9
82.8
83
84.9
85.4
85.1
87
87
88.9
89.9
91.7
92.1
92.6
96.4
97.3
97.6
99.4
99.8
101
101.9
103.8
104.4
105.8
108.2
108.6
109.7
110.8
112.1
114.9
115.3
117.7
118.9
119.4
120.7
123.6
123.6
125
126.2
128.4
130.4
129.9
133
133
134
135.4
136.2
139.4
139.4
143.5
142.9
143.4
143.9
143.9
148.9
151.3
151.3
151.1
152.9
151.6
156.7
157
156.7
160.4
160.4
159.9
159.5
163.8
161.9
163.7
166.7
169.3
169.3
172.4
167.3
172.7
170.8
175.9
176.9
174.4
178.7
183.2
178.5
182.1
185
184.8
183.8
184.6
191.7
191.5
193.1
194.7
198.9
191
200.2
199.7
199.7
200.3
208.7
206.6
202.1
206.4
211.8
207.9
206.4
206.8
207.8
209.1
211
210.1
222.2
210.5
207.9
209.1
217
217.9
212.6
212.6
207.5
206.3
212.7
212.7
220.6
220.5
212.5
212.5
212.5
208.2
206.3
206.3
220.5
219.6
212.5
212.5
206.3
212.5
212.5
211.1
212.5
206.3
211.1
206.1
212.5
212.5
220.5
212.5
206.3
212.5
212.5
212.5
206.1
212.5
220.5
212.5
212.5
212.5
211.1
212.5
211.1
212.5
212.5
212.5
212.5
211.1
220.5
212.5
212.5
212.5
219.6
212.5
212.5
211.1
207.5
207.5
211.1
208.2
208.2
212.7
212.5
208.2
219.6
220.5
212.7
208.2
208.2
212.7
212.7
212.5
208.2
208.2
206.5
208.2
206.5
208.2
208.2
208.2
208.2
212.7
212.7
208.2
208.2
